23 16
47 12
22 14
43 18
41 18
38 12
32 13
22 11
28 18
23 13
46 11
44 12
35 14
21 11
27 11
48 16
37 14
25 18
27 15
36 14
46 14
24 13
42 14
23 12
27 18
29 16
26 18
28 13
41 11
24 16
23 19
26 11
39 19
22 18
31 18
29 18
33 12
39 12
38 13
35 13
34 18
28 14
25 17
44 16
22 13
44 18
24 17
27 16
44 14
29 13
27 19
46 15
49 15
45 15
36 12
31 19
43 19
34 15
32 16
43 16
35 18
48 11
45 14
45 18
42 17
28 17
24 11
24 12
47 15
48 19
26 14
34 19
42 18
23 14
25 12
41 17
45 11
43 14
38 11
47 17
43 15
27 14
22 17
41 19
23 17
27 12
28 12
44 15
22 12
46 13
37 15
28 19
45 19
32 11
33 18
48 17
31 11
42 11
39 11
48 14
39 13
24 15
49 16
21 12
39 15
32 12
49 11
25 16
26 13
24 18
35 11
37 11
38 17
42 15
33 13
31 16
48 12
31 15
47 19
49 14
22 16
42 12
47 18
26 12
21 14
43 13
26 19
34 14
34 16
25 11
38 14
27 17
29 15
29 19
23 18
46 12
49 19
36 11
31 12
36 13
41 12
26 17
29 12
38 19
45 17
23 11
47 13
41 16
47 11
39 17
32 15
37 12
28 11
41 13
41 15
44 13
32 14
48 18
48 13
38 16
38 15
39 18
26 15
46 16
29 17
21 15
28 15
33 15
29 14
33 16
42 19
25 19
32 19
32 17
39 14
36 19
36 17
42 16
43 11
37 18
25 15
21 16
25 13
37 17
36 18
37 13
49 17
25 14
37 16
33 11
35 17
28 16
33 17
35 16
31 14
44 17
43 17
35 19
43 12
36 15
34 11
27 13
21 17
21 13
26 16
46 17
29 11
22 19
24 19
44 19
49 13
34 12
34 13
44 11
33 19
21 18
45 13
47 14
47 16
34 17
32 18
41 14
46 18
49 12
31 17
21 19
35 12
38 18
35 15
39 16
33 14
48 15
37 19
36 16
24 14
23 15
31 13
45 12
42 13
46 19
45 16
49 18
22 15