45 11
42 19
22 14
42 15
23 17
38 16
49 19
36 18
49 18
35 14
21 12
29 15
35 18
34 15
32 17
26 13
41 17
27 13
39 15
31 11
43 11
26 15
34 17
41 15
27 16
45 13
25 18
48 17
34 11
41 13
26 18
31 18
44 12
24 15
27 12
39 11
42 12
46 16
33 12
42 16
32 12
38 19
34 12
45 19
41 16
24 19
28 17
22 12
49 14
22 13
34 16
36 12
45 17
35 16
21 18
29 14
24 12
46 19
39 13
48 19
23 12
33 19
31 12
35 15
39 19
33 13
48 12
48 18
41 14
26 11
31 13
29 11
44 13
45 16
37 17
49 16
26 17
39 16
25 14
29 12
22 11
35 19
36 11
49 12
44 16
32 19
21 19
25 13
36 19
31 16
43 18
47 14
22 18
29 17
29 19
23 14
42 14
29 13
27 14
43 14
21 13
26 14
26 16
33 17
21 11
41 11
49 17
39 17
41 12
24 13
37 13
43 16
46 14
34 14
37 11
32 14
33 14
32 13
26 12
48 14
23 11
32 11
38 12
31 14
25 17
48 11
47 17
44 19
46 11
42 13
34 19
22 19
21 16
42 18
32 18
22 17
39 18
47 12
38 17
38 13
39 12
46 18
22 15
27 11
46 13
24 18
42 17
28 11
34 18
45 12
47 18
43 15
23 13
38 18
45 18
47 19
38 14
27 18
48 16
35 13
48 13
46 12
41 18
47 16
28 16
41 19
21 15
38 11
48 15
23 19
24 16
43 12
25 16
37 16
36 16
36 15
27 19
23 15
37 18
47 15
47 13
26 19
44 17
34 13
25 19
28 18
33 11
44 15
33 16
24 17
37 14
23 18
35 11
43 13
28 14
31 17
36 13
42 11
21 17
37 15
23 16
25 12
36 14
43 17
28 13
49 15
29 18
27 15
45 14
36 17
25 15
43 19
44 18
29 16
21 14
49 11
37 19
33 18
24 14
32 16
35 17
39 14
46 17
24 11
45 15
27 17
25 11
22 16
31 19
44 11
28 19
31 15
47 11
32 15
37 12
28 12
35 12
44 14
46 15
49 13
28 15
33 15
38 15