31 15
33 16
28 14
21 18
21 15
21 16
23 18
36 19
44 15
27 17
28 11
23 13
35 16
47 16
26 18
47 12
42 17
21 12
43 14
25 11
29 18
31 12
25 14
34 12
38 18
26 12
28 15
41 12
43 17
37 16
29 12
25 18
47 13
38 11
45 16
31 11
48 12
41 19
31 17
22 19
39 12
46 19
45 13
31 19
41 18
35 17
47 17
46 16
45 14
39 11
46 13
38 16
39 13
22 18
37 18
32 17
22 12
34 14
33 18
22 11
37 15
22 15
32 14
27 19
44 13
41 16
33 13
45 12
25 12
39 14
48 14
37 13
28 12
41 17
43 13
34 13
49 15
42 19
24 14
43 16
37 12
24 11
24 19
45 19
44 19
43 12
34 16
43 11
39 19
27 15
45 11
33 12
33 11
36 18
21 19
38 14
47 11
44 18
31 18
26 11
36 13
29 16
44 14
44 12
28 13
24 16
22 16
27 16
45 15
46 17
21 11
41 13
32 15
27 12
36 15
35 18
29 15
24 12
34 15
24 17
27 11
36 12
26 16
22 14
21 14
31 16
47 18
41 11
31 13
31 14
28 18
37 14
24 13
24 18
32 12
35 14
49 19
49 17
38 19
48 18
46 18
23 14
39 16
26 13
48 15
42 11
35 12
32 18
27 13
21 17
26 15
23 16
48 11
27 18
37 11
42 18
48 16
36 11
43 19
25 19
39 18
23 11
34 19
36 14
27 14
25 17
48 17
35 19
47 15
46 11
44 17
45 17
32 19
42 14
34 11
35 11
22 17
43 18
36 17
28 16
37 19
29 11
43 15
38 17
29 13
47 14
28 17
47 19
35 15
49 14
24 15
48 19
33 14
44 16
42 16
37 17
26 14
41 14
26 17
33 15
29 14
25 15
42 13
38 12
39 17
25 13
46 12
38 15
49 12
23 19
22 13
23 12
21 13
34 18
28 19
25 16
23 15
48 13
46 15
29 19
38 13
33 19
39 15
34 17
49 16
29 17
35 13
23 17
45 18
32 11
42 15
46 14
26 19
44 11
32 16
49 11
49 18
42 12
49 13
32 13
36 16
41 15
33 17