23 13
46 17
41 13
41 18
47 13
43 16
38 16
42 13
37 15
24 13
36 11
48 15
26 19
33 19
48 18
46 13
42 19
37 12
37 9
32 16
39 12
39 17
41 19
43 19
21 14
34 13
25 12
41 9
32 19
39 16
47 9
27 12
27 13
42 9
46 14
25 19
36 15
34 11
38 14
33 18
46 15
43 12
23 12
26 15
37 13
43 14
33 16
25 11
31 15
48 19
33 14
36 16
32 12
46 19
31 9
42 11
39 19
31 14
38 17
34 19
25 18
34 9
46 12
24 15
33 13
34 15
47 16
27 15
38 9
24 18
26 18
27 18
25 15
23 9
32 17
24 9
23 19
33 12
34 17
27 19
41 14
46 16
39 15
31 12
36 19
47 18
27 9
48 16
27 11
24 12
33 17
26 14
38 19
24 14
42 15
38 12
23 18
31 17
25 13
37 14
41 17
39 18
24 17
42 12
47 15
39 11
24 19
21 17
47 11
23 16
21 16
21 11
43 18
36 12
38 13
26 12
25 17
37 18
26 11
34 14
33 11
34 12
39 13
31 11
48 9
34 16
21 12
27 14
38 15
36 17
21 9
47 19
42 18
37 19
47 17
36 18
32 9
46 11
46 9
31 16
47 12
32 18
48 11
41 11
25 16
33 9
26 9
23 14
42 14
43 13
21 18
27 17
32 13
46 18
31 13
21 15
32 15
39 9
33 15
42 17
48 13
21 13
48 14
23 17
26 16
24 16
25 14
37 11
38 11
42 16
31 18
34 18
39 14
21 19
43 11
25 9
41 12
36 14
23 15
48 17
36 9
43 9
27 16
43 15
23 11
32 11
41 15
47 14
32 14
36 13
37 16
38 18
26 13
48 12
31 19
37 17
26 17
43 17
24 11
41 16