32 19
32 18
22 15
42 11
49 18
31 12
41 19
38 17
22 16
25 17
31 16
39 18
47 16
34 19
44 18
23 16
49 15
27 13
36 19
35 14
37 18
33 12
46 16
49 16
37 11
31 13
39 19
37 14
21 13
47 17
48 18
41 14
46 17
33 19
32 14
23 14
42 17
23 19
36 12
26 14
37 15
28 11
47 11
21 18
24 18
23 11
42 16
29 15
46 14
26 19
23 12
28 17
42 15
22 11
35 11
22 12
21 17
39 17
49 12
41 13
38 11
45 15
44 16
25 16
47 18
43 13
29 18
22 18
32 12
34 12
44 17
48 13
43 15
48 15
47 12
35 15
37 16
46 13
35 18
28 18
47 13
33 13
29 11
47 14
28 15
31 19
26 11
21 12
44 15
49 11
23 15
39 13
35 19
37 12
22 14
39 12
25 13
29 17
24 11
22 19
32 13
31 15
41 15
29 14
46 11
28 16
35 17
25 15
24 13
34 14
33 18
34 11
25 19
35 12
36 11
33 15
45 19
26 16
24 16
33 11
31 11
36 13
45 16
42 14
44 11
24 12
48 16
49 13
25 14
38 16
45 18
44 12
37 13
34 17
49 14
27 17
28 14
32 11
44 13
29 12
34 16
48 11
23 17
34 13
46 18
41 11
36 16
43 18
25 12
32 17
45 17
49 19
37 19
27 19
43 12
43 14
43 16
25 18
23 13
39 14
27 16
28 19
48 17
43 17
26 12
48 12
33 17
45 12
38 18
31 17
35 16
26 13
42 19
45 13
32 16
22 17
48 14
29 16
22 13
42 18
38 14
21 15
21 16
46 19
31 14
27 11
42 13
27 12
36 15
41 12
21 11
26 15
47 19
29 13
21 14
27 15
43 11
39 15
28 12
41 16
24 17
31 18
39 16
36 18
24 19
42 12
21 19
26 18
43 19
36 14
24 14
44 19
44 14
23 18
45 11
48 19
25 11
38 12
37 17
34 15
49 17
33 14
39 11
41 17
32 15
26 17
29 19
36 17
27 18
27 14
35 13
46 15
38 15
45 14
38 19
33 16
24 15
38 13
41 18
47 15
46 12
28 13
34 18