25 16
49 19
43 14
48 12
27 16
23 13
49 12
41 13
46 11
21 16
22 15
23 11
27 11
39 16
35 19
21 15
45 17
31 15
38 16
43 17
36 18
43 13
37 12
47 16
24 18
49 15
21 19
35 16
32 14
37 15
41 18
25 17
25 11
44 18
42 11
32 13
48 14
34 17
22 14
27 12
31 14
21 12
34 18
46 15
33 11
36 15
35 11
45 12
39 11
24 13
42 18
23 15
47 12
22 11
49 16
22 16
29 15
48 18
25 12
26 16
34 14
31 11
38 18
21 11
44 11
21 17
49 18
33 13
22 17
33 18
27 17
25 14
38 17
42 17
36 17
42 12
35 13
35 14
38 11
48 11
44 13
35 17
37 19
21 14
43 15
47 13
37 11
33 15
46 13
36 11
23 12
39 13
32 15
25 13
49 11
46 16
32 12
44 17
41 19
22 13
38 15
29 18
24 11
39 14
34 12
46 14
32 19
27 15
28 11
42 15
24 16
26 15
35 12
31 16
44 16
37 16
44 19
39 12
46 17
49 14
46 19
26 17
24 17
47 17
31 19
28 16
44 14
38 19
42 14
45 18
34 16
25 15
29 14
31 18
23 16
42 13
38 12
43 12
49 17
28 19
28 15
34 19
26 19
41 11
24 14
29 12
43 19
35 15
41 15
45 16
46 18
27 19
39 17
25 19
44 12
22 19
36 19
34 15
33 14
28 18
28 13
41 17
43 16
29 16
43 18
44 15
26 12
45 15
27 18
33 16
31 12
29 13
39 18
41 12
39 15
48 19
37 17
48 13
24 19
23 18
45 19
32 18
29 19
47 15
48 15
21 18
38 14
47 14
42 19
26 11
32 17
36 16
32 16
37 14
36 12
37 18
45 14
31 17
23 17
34 11
35 18
26 18
48 16
31 13
28 14
22 12
48 17
23 19
27 13
21 13
29 11
36 14
49 13
33 12
28 12
42 16
26 14
36 13
33 17
47 19
39 19
41 16
27 14
47 11
29 17
34 13
25 18
33 19
28 17
23 14
45 11
24 12
47 18
45 13
46 12
32 11
22 18
41 14
38 13
24 15
37 13
26 13
43 11