32 13
25 19
38 16
45 17
36 14
24 13
47 19
26 18
41 13
31 13
23 11
23 13
47 17
29 19
49 17
45 15
32 16
24 17
25 11
29 15
39 11
23 18
21 16
33 19
44 18
39 18
45 12
34 19
43 16
22 15
31 17
48 15
34 16
31 12
21 19
37 12
28 16
49 12
34 13
34 11
47 18
35 14
47 16
39 12
22 14
28 17
27 17
29 17
41 17
27 11
38 14
42 14
26 11
43 12
36 13
31 16
32 15
35 11
22 19
23 12
25 13
38 11
39 15
26 14
38 13
29 12
34 17
36 18
24 11
27 18
21 12
43 19
26 19
44 16
45 11
21 17
37 16
25 15
31 19
28 19
29 11
33 14
32 17
36 11
47 15
48 12
22 12
48 18
31 14
33 12
35 19
36 15
37 11
45 18
35 17
24 16
45 16
46 18
33 16
29 18
47 11
49 14
27 16
37 17
39 13
43 13
34 14
33 18
42 17
38 17
42 12
21 14
46 17
41 12
32 14
38 19
31 15
48 11
35 12
23 17
42 13
33 15
23 19
27 13
31 18
46 13
22 18
45 13
39 19
27 14
35 13
33 17
43 11
22 17
27 15
29 16
45 19
43 14
21 11
37 14
46 11
38 18
42 16
43 18
38 12
47 12
46 16
41 14
36 17
25 14
37 15
47 13
41 19
42 11
42 15
21 18
32 11
37 19
24 15
41 11
25 18
44 19
25 17
24 12
34 12
43 15
46 12
25 12
47 14
35 15
34 15
27 19
22 11
44 15
34 18
48 16
43 17
23 14
32 18
29 14
26 16
49 13
46 19
36 12
28 12
35 18
22 16
28 13
27 12
41 15
39 17
28 14
35 16
44 12
42 18
26 17
36 16
49 19
48 19
22 13
42 19
37 18
49 15
26 13
48 14
48 13
23 15
24 19
46 15
32 12
26 12
41 16
25 16
24 18
48 17
33 13
49 16
46 14
45 14
31 11
37 13
32 19
39 14
39 16
24 14
41 18
28 11
21 13
23 16
49 11
44 14
29 13
21 15
28 15
49 18
28 18
44 11
38 15
26 15
33 11
44 17
44 13
36 19