45 18
29 11
34 11
49 14
43 12
23 14
23 19
46 18
34 17
35 19
23 13
32 13
27 11
45 16
21 13
22 16
26 11
27 17
37 12
33 18
44 14
26 17
25 15
45 19
37 16
25 14
25 11
48 12
29 15
26 12
39 17
22 14
32 18
24 11
31 13
35 17
32 17
31 16
47 13
38 12
42 11
33 11
36 17
37 17
28 18
29 17
49 11
36 16
26 19
46 16
35 15
27 16
38 14
26 13
48 11
48 19
39 19
41 17
42 17
23 15
28 17
33 14
46 14
43 14
24 17
42 18
38 19
24 19
48 17
47 14
41 14
39 15
29 12
46 13
44 13
28 13
25 17
28 14
23 12
28 15
31 17
22 17
24 15
32 15
46 19
42 15
46 15
31 19
39 12
36 15
25 12
25 19
49 12
38 15
47 15
39 13
41 11
29 16
29 13
24 12
24 14
35 12
22 13
37 11
22 11
48 14
42 14
35 18
43 18
33 15
42 19
34 15
22 12
29 14
49 17
45 15
27 19
37 18
32 14
45 11
48 18
46 12
34 12
27 13
33 13
32 12
43 13
44 15
32 11
21 18
21 12
46 11
43 15
21 16
33 16
38 16
49 18
21 19
43 17
41 13
25 18
28 16
45 13
31 14
29 19
34 14
44 16
49 13
44 11
21 15
48 13
23 17
31 15
27 18
47 16
28 19
27 15
36 19
25 13
47 17
35 14
47 11
21 14
48 15
41 19
25 16
37 13
35 13
34 19
22 18
41 12
36 14
22 15
27 12
36 12
31 11
39 11
42 12
44 19
23 18
49 19
45 14
49 15
37 14
44 18
34 13
49 16
41 15
26 15
26 14
41 18
35 16
33 19
43 16
31 12
26 16
28 12
33 12
23 11
29 18
22 19
42 13
28 11
47 12
38 11
38 18
39 14
39 18
35 11
47 19
43 11
44 17
45 17
38 17
31 18
48 16
21 11
21 17
32 19
36 11
45 12
27 14
24 18
37 19
37 15
24 16
34 16
32 16
36 18
46 17
43 19
24 13
33 17
42 16
23 16
34 18
36 13
47 18
39 16
26 18
38 13
41 16
44 12