46 12
47 17
43 9
35 14
25 11
47 15
26 18
46 17
49 18
45 9
37 13
39 12
43 15
24 19
24 11
23 14
34 12
28 12
47 14
37 12
46 9
28 13
21 11
24 17
31 14
34 19
29 16
28 19
25 16
33 17
37 17
39 13
43 19
25 15
45 17
43 12
38 12
49 14
46 14
35 13
37 11
46 16
46 19
31 12
31 9
23 12
28 17
39 15
43 18
39 11
25 14
32 12
33 13
43 16
31 15
21 14
24 15
33 18
49 12
26 19
49 13
46 13
23 18
39 9
31 19
43 13
29 9
25 18
21 9
25 17
22 15
46 17
48 14
29 14
34 14
44 12
28 15
35 19
28 13
35 14
25 9
33 16
45 12
48 15
47 14
46 18
48 13
29 18
37 18
22 14
22 18
31 19
29 19
42 13
23 16
31 15
28 11
25 16
41 18
25 19
41 13
35 18
33 17
35 12
41 14
22 19
29 9
33 14
42 14
24 14
46 12
29 17
46 19
23 12
46 11
22 11
23 9
33 13
34 13
48 19
28 18
31 17
23 15
24 16
41 12
38 14
42 9
28 19
33 9
45 17
21 19
46 9
47 11
24 18
45 13
22 12
35 11
31 13
37 14
31 16
21 16
44 18
35 13
47 18
23 11
38 17
37 9
46 13
47 12
44 13
41 17
41 9
45 15
25 12
24 15
42 12
31 18
46 16
22 16
38 13
35 16
45 11
48 9
37 19
28 16
31 9
21 12
47 9
38 16
44 11
42 11
28 14
33 11
42 16
25 13
48 11
47 19
29 12
25 11
24 17
33 12
25 14
38 15
23 18
45 18
44 16
44 9
37 13
23 19
41 11
37 11
21 18
38 12
34 12
42 19
45 14
23 14
21 14
24 9
42 15
46 12
47 17
43 9
35 14
25 11
47 15
26 18
46 17
49 18
45 9
37 13
39 12
43 15
24 19
24 11
23 14
34 12
28 12
47 14
37 12
46 9
28 13
21 11
24 17
31 14
34 19
29 16
28 19
25 16
33 17
37 17
39 13
43 19
25 15
45 17
43 12
38 12
49 14
46 14
35 13
37 11
46 16
46 19